1 0
2 0
3 0
4 0
5 0
6 0
7 0
8 0
9 0
10 0
11 0
12 0
13 0
14 0
15 0
16 0
17 0
18 0
19 0
20 1
21 1
22 1
23 1
24 1
25 1
26 1
27 1
28 1
29 1
30 1
31 1
32 1
33 1
34 1
35 1
36 1
37 1
38 1
39 1
40 1
41 1
42 1
43 1
44 1
45 1
46 1
47 1
48 1
49 1
50 0
51 0
52 1
53 1
54 1
55 1
56 1
57 1
58 1
59 1
60 1
61 1
62 1
63 1
64 1
65 1
66 1
67 1
68 0
69 0
70 0
71 0
72 0
73 1
74 1
75 1
76 1
77 1
78 1
79 1
80 1
81 1
82 1
83 1
84 1
85 1
86 1
87 1
88 1
89 1
90 1
91 2
92 2
93 2
94 2
95 2
96 2
97 2
98 2
99 1
100 1
101 1
102 1
103 1
104 1
105 1
106 1
107 1
108 1
109 1
110 1
111 1
112 1
113 1
114 1
115 1
116 1
117 1
118 1
119 1
120 1
121 2
122 2
123 1
124 1
125 2
126 3
127 3
128 3
129 4
130 4
131 3
132 3
133 4
134 4
135 3
136 3
137 4
138 4
139 3
140 3
141 3
142 3
143 2
144 2
145 3
146 3
147 4
148 5
149 6
150 6
151 7
152 8
153 8
154 8
155 8
156 8
157 8
158 9
159 10
160 10
161 9
162 9
163 9
164 9
165 9
166 9
167 10
168 10
169 10
170 10
171 10
172 10
173 10
174 10
175 10
176 10
177 10
178 9
179 9
180 9
181 10
182 10
183 10
184 9
185 9
186 9
187 9
188 9
189 9
190 10
191 10
192 10
193 9
194 8
195 8
196 7
197 7
198 7
199 6
200 6
201 6
202 5
203 4
204 4
205 3
206 2
207 2
208 3
209 3
210 4
211 4
212 5
213 5
214 5
215 5
216 4
217 4
218 3
219 2
220 2
221 3
222 4
223 5
224 5
225 4
226 3
227 3
228 4
229 5
230 5
231 6
232 6
233 6
234 6
235 7
236 7
237 6
238 5
239 4
240 4
241 3
242 2
243 2
244 2
245 2
246 2
247 2
248 3
249 3
250 3
251 3
252 3
253 2
254 1
255 1
256 2
257 2
258 3
259 3
260 3
261 4
262 4
263 3
264 2
265 2
266 2
267 2
268 2
269 3
270 3
271 3
272 2
273 1
274 1
275 1
276 2
277 3
278 3
279 4
280 4
281 5
282 5
283 4
284 3
285 2
286 3
287 3
288 2
289 1
290 1
291 1
292 1
293 2
294 3
295 3
296 2
297 2
298 2
299 2
300 2
301 2
302 2
303 3
304 3
305 2
306 2
307 3
308 3
309 3
310 3
311 3
312 3
313 4
314 4
315 4
316 5
317 5
318 5
319 6
320 6
321 6
322 5
323 4
324 4
325 5
326 5
327 5
328 4
329 4
330 5
331 5
332 6
333 7
334 7
335 7
336 7
337 7
338 7
339 7
340 7
341 7
342 6
343 5
344 4
345 4
346 5
347 5
348 5
349 5
350 5
351 4
352 3
353 3
354 2
355 2
356 3
357 3
358 3
359 3
360 3
361 3
362 2
363 2
364 3
365 3
366 3
367 3
368 4
369 4
370 4
371 3
372 3
373 2
374 2
375 3
376 3
377 4
378 4
379 4
380 3
381 3
382 3
383 3
384 3
385 3
386 3
387 3
388 3
389 4
390 4
391 4
392 4
393 5
394 5
395 5
396 5
397 5
398 5
399 5
400 5
401 5
402 5
403 5
404 4
405 4
406 5
407 6
408 6
409 6
410 6
411 5
412 5
413 5
414 5
415 5
416 5
417 5
418 5
419 5
420 5
421 5
422 5
423 5
424 5
425 5
426 6
427 6
428 6
429 6
430 5
431 5
432 5
433 5
434 5
435 5
436 5
437 5
438 5
439 5
440 6
441 6
442 6
443 6
444 5
445 5
446 5
447 5
448 5
449 5
450 5
451 5
452 5
453 5
454 5
455 5
456 5
457 5
458 5
459 6
460 6
461 6
462 5
463 5
464 5
465 5
466 5
467 5
468 5
469 5
470 5
471 5
472 5
473 6
474 6
475 6
476 6
477 5
478 5
479 5
480 5
481 5
482 5
483 4
484 4
485 5
486 5
487 5
488 5
489 5
490 5
491 6
492 6
493 6
494 6
495 5
496 5
497 5
498 5
499 5
500 5
501 4
502 3
503 2
504 2
505 3
506 4
507 4
508 4
509 4
510 4
511 4
512 4
513 4
514 4
515 4
516 4
517 4
518 4
519 4
520 3
521 2
522 2
523 3
524 3
525 3
526 3
527 4
528 4
529 5
530 5
531 4
532 3
533 2
534 2
535 3
536 4
537 4
538 4
539 4
540 3
541 2
542 2
543 3
544 4
545 4
546 4
547 4
548 3
549 3
550 2
551 2
552 3
553 3
554 3
555 3
556 2
557 2
558 3
559 3
560 3
561 4
562 4
563 4
564 4
565 5
566 6
567 6
568 5
569 5
570 5
571 5
572 5
573 6
574 6
575 6
576 5
577 5
578 5
579 5
580 5
581 5
582 6
583 6
584 6
585 5
586 5
587 5
588 5
589 6
590 6
591 6
592 6
593 6
594 6
595 6
596 6
597 6
598 6
599 6
600 5
601 4
602 4
603 3
604 3
605 3
606 3
607 3
608 3
609 3
610 3
611 3
612 3
613 4
614 5
615 5
616 5
617 5
618 5
619 5
620 6
621 6
622 5
623 4
624 3
625 3
626 3
627 3
628 3
629 3
630 3
631 3
632 3
633 3
634 4
635 4
636 3
637 4
638 4
639 3
640 3
641 3
642 3
643 4
644 4
645 4
646 4
647 4
648 5
649 5
650 4
651 4
652 4
653 3
654 3
655 4
656 4
657 4
658 4
659 4
660 5
661 5
662 4
663 4
664 4
665 3
666 3
667 4
668 4
669 4
670 4
671 4
672 5
673 5
674 4
675 4
676 4
677 3
678 3
679 4
680 4
681 4
682 4
683 4
684 4
685 4
686 4
687 4
688 4
689 4
690 5
691 5
692 4
693 4
694 4
695 3
696 3
697 4
698 4
699 3
700 3
701 3
702 3
703 4
704 4
705 4
706 4
707 4
708 4
709 5
710 5
711 5
712 5
713 5
714 4
715 4
716 4
717 4
718 4
719 4
720 4
721 3
722 3
723 4
724 4
725 4
726 4
727 4
728 5
729 5
730 5
731 4
732 4
733 4
734 4
735 4
736 5
737 5
738 5
739 4
740 5
741 5
742 5
743 4
744 4
745 4
746 4
747 4
748 4
749 4
750 4
751 4
752 4
753 4
754 4
755 5
756 5
757 4
758 5
759 5
760 5
761 5
762 4
763 5
764 5
765 5
766 5
767 4
768 4
769 4
770 3
771 4
772 4
773 4
774 4
775 4
776 4
777 4
778 4
779 4
780 4
781 4
782 3
783 3
784 4
785 4
786 4
787 4
788 4
789 4
790 4
791 4
792 4
793 4
794 4
795 4
796 4
797 4
798 4
799 3
800 3
801 4
802 4
803 4
804 5
805 5
806 5
807 5
808 5
809 5
810 5
811 4
812 4
813 4
814 4
815 4
816 4
817 4
818 4
819 4
820 4
821 5
822 5
823 5
824 4
825 4
826 4
827 4
828 4
829 5
830 5
831 5
832 6
833 6
834 6
835 5
836 6
837 6
838 6
839 5
840 5
841 4
842 4
843 4
844 4
845 4
846 4
847 4
848 4
849 4
850 4
851 4
852 4
853 4
854 4
855 4
856 4
857 4
858 4
859 5
860 5
861 4
862 4
863 4
864 4
865 5
866 5
867 4
868 4
869 5
870 5
871 5
872 5
873 5
874 5
875 4
876 4
877 4
878 3
879 3
880 4
881 4
882 4
883 4
884 4
885 4
886 4
887 4
888 4
889 4
890 4
891 4
892 4
893 4
894 4
895 4
896 4
897 5
898 5
899 6
900 6
901 6
902 5
903 4
904 4
905 4
906 4
907 4
908 4
909 4
910 4
911 5
912 5
913 5
914 5
915 5
916 4
917 4
918 4
919 4
920 6
921 6
922 6
923 6
924 6
925 6
926 6
927 6
928 6
929 6
930 6
931 6
932 6
933 6
934 6
935 4
936 4
937 4
938 4
939 3
940 3
941 4
942 4
943 4
944 4
945 4
946 4
947 4
948 4
949 4
950 4
951 4
952 4
953 4
954 4
955 4
956 4
957 4
958 4
959 4
960 4
961 4
962 4
963 4
964 4
965 4
966 4
967 4
968 4
969 4
970 4
971 4
972 4
973 4
974 4
975 4
976 4
977 4
978 4
979 4
980 4
981 4
982 4
983 4
984 4
985 4
986 4
987 4
988 4
989 4
990 4
991 4
992 4
993 3
994 3
995 4
996 4
997 4
998 4
999 4
1000 5
1001 5
1002 5
1003 4
1004 4
1005 4
1006 4
1007 4
1008 4
1009 4
1010 4
1011 4
1012 4
1013 4
1014 4
1015 4
1016 4
1017 4
1018 4
1019 5
1020 6
1021 6
1022 6
1023 6
1024 6
1025 5
1026 4
1027 4
1028 5
1029 5
1030 5
1031 5
1032 5
1033 5
1034 5
1035 4
1036 4
1037 4
1038 4
1039 4
1040 4
1041 4
1042 4
1043 4
1044 4
1045 4
1046 4
1047 4
1048 4
1049 4
1050 4
1051 4
1052 4
1053 4
1054 4
1055 4
1056 4
1057 4
1058 4
1059 4
1060 5
1061 5
1062 5
1063 5
1064 5
1065 5
1066 5
1067 5
1068 5
1069 5
1070 4
1071 4
1072 4
1073 5
1074 5
1075 5
1076 5
1077 5
1078 5
1079 5
1080 5
1081 5
1082 5
1083 5
1084 5
1085 5
1086 5
1087 5
1088 5
1089 5
1090 5
1091 5
1092 5
1093 5
1094 5
1095 5
1096 5
1097 5
1098 5
1099 5
1100 5
1101 5
1102 4
1103 4
1104 4
1105 3
1106 3
1107 3
1108 2
1109 2
1110 3
1111 3
1112 2
1113 2
1114 2
1115 2
1116 2
1117 2
1118 2
1119 2
1120 3
1121 3
1122 3
1123 3
1124 2
1125 2
1126 2
1127 2
1128 2
1129 2
1130 2
1131 2
1132 2
1133 2
1134 2
1135 2
1136 2
1137 2
1138 2
1139 3
1140 3
1141 3
1142 3
1143 2
1144 3
1145 3
1146 3
1147 3
1148 2
1149 2
1150 2
1151 4
1152 4
1153 4
1154 4
1155 4
1156 4
1157 4
1158 4
1159 4
1160 4
1161 4
1162 4
1163 4
1164 4
1165 4
1166 4
1167 4
1168 4
1169 4
1170 4
1171 4
1172 4
1173 4
1174 4
1175 4
1176 4
1177 4
1178 4
1179 4
1180 4
1181 4
1182 4
1183 4
1184 4
1185 4
1186 4
1187 4
1188 4
1189 4
1190 4
1191 5
1192 5
1193 5
1194 5
1195 7
1196 7
1197 7
1198 5
1199 5
1200 5
1201 5
1202 5
1203 5
1204 4
1205 4
1206 4
1207 4
1208 2
1209 2
1210 2
1211 2
1212 2
1213 4
1214 4
1215 4
1216 4
1217 5
1218 6
1219 6
1220 6
1221 7
1222 7
1223 8
1224 8
1225 8
1226 7
1227 6
1228 6
1229 6
1230 6
1231 7
1232 7
1233 7
1234 7
1235 7
1236 7
1237 7
1238 7
1239 7
1240 7
1241 6
1242 5
1243 4
1244 4
1245 4
1246 4
1247 4
1248 4
1249 4
1250 4
1251 4
1252 6
1253 7
1254 7
1255 7
1256 7
1257 7
1258 7
1259 8
1260 8
1261 8
1262 8
1263 9
1264 9
1265 8
1266 7
1267 6
1268 4
1269 6
1270 6
1271 6
1272 6
1273 6
1274 6
1275 6
1276 6
1277 6
1278 6
1279 6
1280 6
1281 6
1282 6
1283 6
1284 6
1285 6
1286 6
1287 6
1288 6
1289 6
1290 6
1291 4
1292 4
1293 5
1294 5
1295 5
1296 5
1297 7
1298 7
1299 7
1300 7
1301 5
1302 7
1303 7
1304 7
1305 7
1306 7
1307 7
1308 8
1309 9
1310 9
1311 9
1312 9
1313 9
1314 9
1315 8
1316 7
1317 5
1318 5
1319 5
1320 5
1321 7
1322 7
1323 7
1324 7
1325 5
1326 7
1327 7
1328 7
1329 7
1330 7
1331 7
1332 8
1333 9
1334 9
1335 9
1336 9
1337 9
1338 9
1339 8
1340 7
1341 5
1342 5
1343 5
1344 5
1345 7
1346 7
1347 7
1348 7
1349 5
1350 7
1351 7
1352 7
1353 7
1354 7
1355 7
1356 8
1357 9
1358 9
1359 9
1360 9
1361 9
1362 9
1363 8
1364 7
1365 5
1366 5
1367 5
1368 5
1369 7
1370 7
1371 7
1372 7
1373 5
1374 7
1375 7
1376 7
1377 7
1378 7
1379 7
1380 8
1381 9
1382 9
1383 9
1384 9
1385 9
1386 9
1387 8
1388 7
1389 5
1390 5
1391 5
1392 4
1393 4
1394 5
1395 5
1396 5
1397 5
1398 5
1399 7
1400 7
1401 7
1402 7
1403 7
1404 7
1405 7
1406 7
1407 7
1408 7
1409 7
1410 7
1411 7
1412 7
1413 7
1414 7
1415 5
1416 5
1417 5
1418 5
1419 5
1420 5
1421 5
1422 5
1423 5
1424 5
1425 5
1426 4
1427 4
1428 4
1429 2
1430 2
1431 2
1432 4
1433 4
1434 4
1435 4
1436 4
1437 4
1438 4
1439 4
1440 4
1441 4
1442 4
1443 4
1444 4
1445 4
1446 4
1447 4
1448 4
1449 4
1450 4
1451 4
1452 4
1453 4
1454 4
1455 4
1456 4
1457 4
1458 4
1459 4
1460 4
1461 4
1462 4
1463 4
1464 4
1465 4
1466 4
1467 4
1468 4
1469 4
1470 5
1471 5
1472 5
1473 5
1474 5
1475 5
1476 5
1477 5
1478 6
1479 6
1480 6
1481 6
1482 6
1483 6
1484 6
1485 6
1486 6
1487 6
1488 6
1489 5
1490 5
1491 6
1492 6
1493 6
1494 6
1495 6
1496 6
1497 6
1498 6
1499 6
1500 6
1501 6
1502 6
1503 5
1504 5
1505 5
1506 5
1507 5
1508 4
1509 4
1510 4
1511 4
1512 4
1513 4
1514 4
1515 4
1516 4
1517 4
1518 4
1519 4
1520 4
1521 4
1522 4
1523 4
1524 4
1525 4
1526 4
1527 4
1528 4
1529 4
1530 4
1531 4
1532 4
1533 4
1534 4
1535 4
1536 2
1537 2
1538 2
1539 3
1540 3
1541 3
1542 5
1543 5
1544 5
1545 5
1546 5
1547 5
1548 5
1549 5
1550 5
1551 5
1552 5
1553 5
1554 5
1555 3
1556 3
1557 3
1558 3
1559 5
1560 5
1561 5
1562 3
1563 3
1564 3
1565 3
1566 3
1567 3
1568 3
1569 3
1570 4
1571 4
1572 4
1573 4
1574 4
1575 4
1576 4
1577 4
1578 5
1579 5
1580 4
1581 4
1582 4
1583 4
1584 4
1585 4
1586 4
1587 4
1588 4
1589 4
1590 5
1591 5
1592 5
1593 5
1594 4
1595 4
1596 4
1597 4
1598 4
1599 4
1600 4
1601 4
1602 4
1603 4
1604 4
1605 4
1606 4
1607 4
1608 4
1609 4
1610 4
1611 3
1612 3
1613 3
1614 4
1615 4
1616 4
1617 4
1618 4
1619 4
1620 4
1621 4
1622 5
1623 5
1624 4
1625 4
1626 4
1627 4
1628 4
1629 4
1630 4
1631 4
1632 4
1633 4
1634 5
1635 5
1636 4
1637 4
1638 4
1639 4
1640 4
1641 4
1642 4
1643 4
1644 4
1645 4
1646 5
1647 5
1648 4
1649 4
1650 4
1651 4
1652 4
1653 4
1654 3
1655 3
1656 3
1657 4
1658 4
1659 4
1660 4
1661 4
1662 4
1663 5
1664 5
1665 4
1666 4
1667 4
1668 3
1669 3
1670 3
1671 4
1672 4
1673 4
1674 4
1675 4
1676 4
1677 5
1678 5
1679 4
1680 4
1681 4
1682 4
1683 4
1684 4
1685 4
1686 4
1687 4
1688 4
1689 4
1690 4
1691 4
1692 4
1693 4
1694 4
1695 4
1696 4
1697 3
1698 3
1699 3
1700 4
1701 4
1702 4
1703 4
1704 4
1705 4
1706 5
1707 5
1708 5
1709 5
1710 4
1711 4
1712 4
1713 3
1714 3
1715 3
1716 4
1717 4
1718 4
1719 4
1720 4
1721 4
1722 4
1723 4
1724 5
1725 5
1726 5
1727 5
1728 4
1729 4
1730 4
1731 3
1732 3
1733 4
1734 6
1735 6
1736 6
1737 6
1738 4
1739 4
1740 4
1741 3
1742 3
1743 3
1744 3
1745 3
1746 3
1747 3
1748 3
1749 2
1750 2
1751 2
1752 3
1753 3
1754 3
1755 5
1756 5
1757 3
1758 3
1759 3
1760 3
1761 2
1762 2
1763 2
1764 3
1765 3
1766 3
1767 3
1768 3
1769 3
1770 3
1771 3
1772 3
1773 3
1774 3
1775 3
1776 3
1777 3
1778 3
1779 3
1780 3
1781 3
1782 3
1783 4
1784 4
1785 4
1786 4
1787 4
1788 6
1789 6
1790 6
1791 6
1792 4
1793 4
1794 4
1795 4
1796 4
1797 4
1798 4
1799 6
1800 6
1801 6
1802 6
1803 4
1804 4
1805 4
1806 4
1807 3
1808 3
1809 3
1810 3
1811 3
1812 3
1813 3
1814 3
1815 3
1816 3
1817 3
1818 3
1819 3
1820 2
1821 2
1822 2
1823 3
1824 3
1825 3
1826 3
1827 3
1828 3
1829 3
1830 3
1831 3
1832 3
1833 3
1834 3
1835 3
1836 3
1837 3
1838 3
1839 3
1840 3
1841 3
1842 3
1843 3
1844 3
1845 3
1846 3
1847 3
1848 3
1849 3
1850 3
1851 3
1852 3
1853 3
1854 3
1855 3
1856 3
1857 3
1858 3
1859 3
1860 3
1861 3
1862 3
1863 3
1864 3
1865 3
1866 3
1867 3
1868 3
1869 3
1870 2
1871 2
1872 3
1873 3
1874 3
1875 3
1876 3
1877 3
1878 3
1879 3
1880 3
1881 3
1882 3
1883 3
1884 3
1885 3
1886 3
1887 3
1888 3
1889 3
1890 3
1891 3
1892 3
1893 3
1894 3
1895 3
1896 3
1897 3
1898 3
1899 3
1900 3
1901 3
1902 3
1903 3
1904 3
1905 3
1906 3
1907 3
1908 3
1909 3
1910 3
1911 3
1912 3
1913 3
1914 3
1915 3
1916 3
1917 3
1918 3
1919 3
1920 3
1921 3
1922 3
1923 3
1924 3
1925 3
1926 3
1927 3
1928 3
1929 3
1930 3
1931 3
1932 3
1933 3
1934 3
1935 3
1936 3
1937 3
1938 3
1939 3
1940 3
1941 3
1942 3
1943 3
1944 3
1945 3
1946 3
1947 3
1948 3
1949 3
1950 3
1951 3
1952 3
1953 3
1954 3
1955 3
1956 3
1957 3
1958 3
1959 3
1960 3
1961 3
1962 3
1963 3
1964 3
1965 3
1966 3
1967 3
1968 3
1969 3
1970 3
1971 3
1972 3
1973 3
1974 3
1975 3
1976 3
1977 3
1978 3
1979 3
1980 3
1981 3
1982 3
1983 3
1984 3
1985 3
1986 3
1987 3
1988 3
1989 3
1990 3
1991 3
1992 3
1993 3
1994 3
1995 3
1996 3
1997 3
1998 3
1999 3
2000 3
2001 3
2002 3
2003 3
2004 3
2005 3
2006 3
2007 3
2008 3
2009 3
2010 3
2011 3
2012 3
2013 3
2014 3
2015 3
2016 3
2017 3
2018 3
2019 3
2020 3
2021 3
2022 3
2023 3
2024 3
2025 3
2026 3
2027 3
2028 3
2029 3
2030 3
2031 3
2032 3
2033 3
2034 3
2035 3
2036 3
2037 3
2038 3
2039 2
2040 2
2041 2
2042 3
2043 3
2044 3
2045 3
2046 3
2047 3
2048 3
2049 3
2050 3
2051 3
2052 3
2053 3
2054 3
2055 3
2056 3
2057 3
2058 3
2059 3
2060 3
2061 3
2062 3
2063 3
2064 3
2065 3
2066 3
2067 3
2068 3
2069 3
2070 3
2071 3
2072 3
2073 3
2074 3
2075 3
2076 3
2077 3
2078 3
2079 3
2080 3
2081 3
2082 3
2083 3
2084 3
2085 3
2086 3
2087 3
2088 3
2089 3
2090 3
2091 3
2092 3
2093 3
2094 3
2095 3
2096 3
2097 3
2098 3
2099 2
2100 2
2101 2
2102 1
